Classification Report - VGG16 Model
================================================================================

              precision    recall  f1-score   support

           0     0.0679    0.7500    0.1245        20
           1     0.7561    0.7750    0.7654        40
           2     0.0000    0.0000    0.0000        20
           3     0.2143    0.3333    0.2609        36
           4     0.4444    0.6222    0.5185        45
           5     0.5185    0.5600    0.5385        25
           6     0.3714    0.6500    0.4727        20
           7     1.0000    0.0462    0.0882        65
           8     0.1789    0.8462    0.2953        26
           9     0.9231    0.9600    0.9412        25
          10     0.2400    0.3582    0.2874        67
          11     0.7969    0.7612    0.7786        67
          12     0.6429    0.6207    0.6316        29
          13     0.8667    0.4643    0.6047        28
          14     0.5000    0.0345    0.0645        29
          15     0.5000    0.0476    0.0870        21
          16     0.5402    0.7231    0.6184        65
          17     0.1765    0.6290    0.2756        62
          18     0.5714    0.1379    0.2222        29
          19     0.6471    0.3056    0.4151        36
          20     0.1212    0.8000    0.2105        20
          21     0.2134    0.8974    0.3448        39
          22     0.7969    0.7183    0.7556        71
          23     1.0000    0.1364    0.2400        22
          24     0.6667    0.6667    0.6667        21
          25     0.5000    0.3810    0.4324        21
          26     0.6500    0.6500    0.6500        20
          27     0.2427    0.5435    0.3356        46
          28     0.8409    0.6379    0.7255        58
          29     0.4875    0.6000    0.5379        65
          30     0.5385    0.2188    0.3111        32
          31     0.2143    0.1200    0.1538        25
          32     0.5854    0.9231    0.7164        26
          33     0.3043    0.7000    0.4242        20
          34     0.9375    0.6522    0.7692        23
          35     0.2840    0.4182    0.3382        55
          36     0.9730    0.4091    0.5760        88
          37     0.4884    0.5833    0.5316        36
          38     1.0000    0.0476    0.0909        21
          39     0.1806    0.2766    0.2185        47
          40     1.0000    0.2991    0.4604       107
          41     0.7500    0.3077    0.4364        39
          42     0.1449    0.0909    0.1117       110
          43     0.8182    0.6164    0.7031        73
          44     0.1042    0.2500    0.1471        20
          45     0.3355    0.8807    0.4859       176
          46     1.0000    0.5957    0.7467        47
          47     0.4400    0.4314    0.4356        51
          48     0.6591    1.0000    0.7945        29
          49     0.8814    0.7222    0.7939        72
          50     0.6262    0.2815    0.3884       238
          51     0.4904    0.7846    0.6036        65
          52     0.5588    0.2603    0.3551        73
          53     1.0000    0.4390    0.6102        41
          54     0.4375    0.2745    0.3373        51
          55     0.8750    0.7079    0.7826        89
          56     0.5660    0.6383    0.6000        47
          57     1.0000    0.2979    0.4590        94
          58     0.5217    0.7660    0.6207        47
          59     0.9833    0.6629    0.7919        89
          60     0.0856    0.9333    0.1569        30
          61     0.1406    0.2571    0.1818        35
          62     0.9565    0.6471    0.7719        34
          63     0.7000    0.8750    0.7778        32
          64     1.0000    0.3415    0.5091        82
          65     0.8372    0.8780    0.8571        41
          66     0.5000    0.0455    0.0833        22
          67     0.9167    0.3235    0.4783        34
          68     0.5000    0.5588    0.5278        34
          69     0.4559    0.7381    0.5636        42
          70     0.5357    0.7759    0.6338        58
          71     0.2019    0.2763    0.2333        76
          72     1.0000    0.0460    0.0879       174
          73     0.5676    0.2781    0.3733       151
          74     0.9167    0.3300    0.4853       100
          75     0.8947    0.1954    0.3208        87
          76     0.7444    0.8571    0.7968       231
          77     0.5000    0.4359    0.4658       117
          78     0.7143    0.7143    0.7143        21
          79     0.8000    0.2353    0.3636        85
          80     0.7611    0.5890    0.6641       146
          81     0.4194    0.1413    0.2114        92
          82     0.5273    0.2613    0.3494       111
          83     0.4000    0.1818    0.2500        66
          84     0.3077    0.0930    0.1429        43
          85     0.5000    0.5789    0.5366        38
          86     0.6176    0.4884    0.5455        43
          87     0.5143    0.1343    0.2130       134
          88     0.3261    0.3659    0.3448       164
          89     0.0000    0.0000    0.0000        62
          90     0.8889    0.1429    0.2462        56
          91     0.6250    0.6522    0.6383        46
          92     0.4194    0.5000    0.4561        26
          93     0.9535    0.2887    0.4432       142
          94     0.5556    0.0463    0.0855       108
          95     0.1477    0.1831    0.1635        71
          96     0.3333    0.0652    0.1091        46
          97     0.5714    0.1290    0.2105        62
          98     1.0000    0.5814    0.7353        43
          99     0.1969    0.8621    0.3205        29
         100     0.0332    0.1842    0.0562        38
         101     0.6087    0.5000    0.5490        28

    accuracy                         0.4332      6149
   macro avg     0.5671    0.4610    0.4347      6149
weighted avg     0.6056    0.4332    0.4364      6149
